00001000000010110000011111010000
00001000000011110000000000000100
00001000000010100000000000000000
00001101010011110000000000000000
00111100000000000110000000000000
00000001011011000110100000000000
00001000000000100000000000100010
01011001101000100000000000000000
00001000000010100000000000000001
00001101010011110000000000000000
00111100000000000110000000000000
00000001011011000110100000000000
00001000000000100000000001001110
01011001101000100000000000000000
00001000000010100000000000000010
00001101010011110000000000000000
00111100000000000110000000000000
00000001011011000110100000000000
00001000000000100000000000101011
01011001101000100000000000000000
00001000000010100000000000000011
00001101010011110000000000000000
00111100000000000110000000000000
00000001011011000110100000000000
00001000000000100000000001000011
01011001101000100000000000000000
00001000000010100000000000000100
00001101010011110000000000000000
00111100000000000110000000000000
00000001011011000110100000000000
00001000000000100000000001011011
01011001101000100000000000000000
00001000000010100000000000000101
00001101010011110000000000000000
00111100000000000110000000000000
00000001011011000110100000000000
00001000000000100000000000111000
01011001101000100000000000000000
00001000000010100000000000000110
00001101010011110000000000000000
00111100000000000110000000000000
00000001011011000110100000000000
00001000000000100000000000011001
01011001101000100000000000000000
00001000000010100000000000000111
00001101010011110000000000000000
00111100000000000110000000000000
00000001011011000110100000000000
00001000000000100000000001000101
01011001101000100000000000000000
00000000000010110000100000000000
00001000000000100000000000001000
00000011111000000101000000000000
01110000000000000000000000000010
01101101010000000000000000000000
01010000001000110000000000000000
01010000001001000000000000000000
01010000001001010000000000000000
01000100110000100001000000000000
00000000110000010011000000000000
00001000001000010000000000000100
01010000001001110000000000000000
00010100111000110100000000000000
01100001000000000000000000000010
00000000111000000001100000000000
00010100100001110100000000000000
01100001000000000000000000000010
00000000111000000010000000000000
00000000101001110010100000000000
00001000001000010000000000000100
01100100001001101111111111110111
00010000101000100000000000000000
00111100000000000010100000000000
00001000000010110000101110111000
00001000000011110000000000000100
00001000000010100000000000000000
00001101010011110000000000000000
00111100000000000110000000000000
00000001011011000110100000000000
00000000000000110001000000000000
01011001101000100000000000000000
00001000000010100000000000000001
00001101010011110000000000000000
00111100000000000110000000000000
00000001011011000110100000000000
00000000000001000001000000000000
01011001101000100000000000000000
00001000000010100000000000000010
00001101010011110000000000000000
00111100000000000110000000000000
00000001011011000110100000000000
00000000000001010001000000000000
01011001101000100000000000000000
01100001011010110000000000000000
