00001000000010110000011111010000
00001000000011110000000000000100
00001000000010100000000000000000
00001101010011110000000000000000
00111100000000000110000000000000
00000001011011000110100000000000
00001000000000100000000000000100
01011001101000100000000000000000
00001000000010100000000000000001
00001101010011110000000000000000
00111100000000000110000000000000
00000001011011000110100000000000
00001000000000100000000000000101
01011001101000100000000000000000
00001000000010100000000000000010
00001101010011110000000000000000
00111100000000000110000000000000
00000001011011000110100000000000
00001000000000100000000000000011
01011001101000100000000000000000
00001000000010100000000000000011
00001101010011110000000000000000
00111100000000000110000000000000
00000001011011000110100000000000
00001000000000100000000000000010
01011001101000100000000000000000
00001000000010100000000000000100
00001101010011110000000000000000
00111100000000000110000000000000
00000001011011000110100000000000
00001000000000100000000000000001
01011001101000100000000000000000
00001000000010100000000000000101
00001101010011110000000000000000
00111100000000000110000000000000
00000001011011000110100000000000
00001000000000100000000000001000
01011001101000100000000000000000
00001000000010100000000000000110
00001101010011110000000000000000
00111100000000000110000000000000
00000001011011000110100000000000
00001000000000100000000000000010
01011001101000100000000000000000
00001000000010100000000000000111
00001101010011110000000000000000
00111100000000000110000000000000
00000001011011000110100000000000
00001000000000100000000000000010
01011001101000100000000000000000
00001000000010100000000000001000
00001101010011110000000000000000
00111100000000000110000000000000
00000001011011000110100000000000
00001000000000100000000000000100
01011001101000100000000000000000
00001000000010100000000000001001
00001101010011110000000000000000
00111100000000000110000000000000
00000001011011000110100000000000
00001000000000100000000001010110
01011001101000100000000000000000
00001000000010100000000000001010
00001101010011110000000000000000
00111100000000000110000000000000
00000001011011000110100000000000
00001000000000100000000001011111
01011001101000100000000000000000
00001000000010100000000000001011
00001101010011110000000000000000
00111100000000000110000000000000
00000001011011000110100000000000
00001000000000100000000001111011
01011001101000100000000000000000
00001000000010100000000000001100
00001101010011110000000000000000
00111100000000000110000000000000
00000001011011000110100000000000
00001000000000100000000000000100
01011001101000100000000000000000
00001000000010100000000000001101
00001101010011110000000000000000
00111100000000000110000000000000
00000001011011000110100000000000
00001000000000101111111111111111
01011001101000100000000000000000
00001000000001100000011111010000
00001000000101000000000000000000
01010000110010100000000000000000
01010000110000010000000000000100
00011000001101010000000000000000
00001000000101100000000000000001
01100010101101100000000000001011
00000100001010101010100000000000
01001110101101011111100000000000
00001000000100111111111111111111
00101010101100111010100000000000
01100110101000000000000000000100
01011000110000010000000000000000
01011000110010100000000000000100
00001000000101000000000000000001
00001000110001100000000000000100
01101000000000000000000001011001
01100010100000000000000000000011
00001000000001100000011111010000
01101000000000000000000001010111
01100001011010110000000000000000
